{
 "cells": [
  {
   "cell_type": "markdown",
   "metadata": {},
   "source": [
    "# HW 4"
   ]
  },
  {
   "cell_type": "code",
   "execution_count": 1,
   "metadata": {},
   "outputs": [],
   "source": [
    "import os\n",
    "import os.path\n",
    "import time\n",
    "from datetime import datetime\n",
    "\n",
    "import numpy as np\n",
    "import pandas as pd\n",
    "import seaborn as sns\n",
    "import matplotlib.pyplot as plt\n",
    "\n",
    "import tensorflow as tf\n",
    "from sklearn.preprocessing import StandardScaler\n",
    "import cvxpy as cp\n",
    "\n",
    "tf.keras.utils.set_random_seed(42)"
   ]
  },
  {
   "cell_type": "code",
   "execution_count": 2,
   "metadata": {},
   "outputs": [],
   "source": [
    "# CRSP_SPvw includes dividends\n",
    "# CRSP_SPvwx excluding dividends\n",
    "\n",
    "# Note: Rapach, Zhou, Strauss calculate the equity premium using CRSP_SPvw (includes dividends) and lagged risk free rate\n",
    "# Note: Goyal, Welch (2008) use Index and D12 and current risk free rate (not sure if they use lagged risk free rate or \"current\")\n",
    "\n",
    "# This data list includes:\n",
    "# b/m (book to market ratio),\n",
    "# de (dividend payout ratio),\n",
    "# dfr (default return spread; used to measure corporate bond returns relative to government bond returns),\n",
    "# dfy (default yield spread; difference between BAA and AAA-rated corporate bond yields),\n",
    "# dp (dividend price ratio),\n",
    "# dy (dividend yield),\n",
    "# ep (earnings price ratio),\n",
    "# infl (inflation measured through the consumer price inded CPI),\n",
    "# ltr (long-term bond rate of returns),\n",
    "# lty (long-term bond yield),\n",
    "# ntis (net equity expansion; a measure of corporate issuing activity),\n",
    "# svar (stock variance),\n",
    "# tbl (treasury bills),\n",
    "# tms (term-spread),\n",
    "# as well as one lag of the market return\n",
    "\n",
    "\n",
    "\n",
    "COLUMNS = [\"b/m\", \"de\", \"dfr\", \"dfy\", \"dp\", \"dy\", \"ep\", \"infl\", \"ltr\", \"lty\", \"ntis\", \"svar\", \"tbl\", \"tms\", \"returns_lag_1\", \"volatility_lag_1\", \"volatility\"]\n",
    "\n",
    "\n",
    "# def load_nber(data_path, file_name):\n",
    "#     \"\"\"Used to create a data set that you can use to investigate trends around recessions and other business cycles.\"\"\"\n",
    "#     nber = pd.read_csv(os.path.join(data_path, file_name))[1:]\n",
    "#     nber[\"peak\"] = pd.to_datetime(nber[\"peak\"])\n",
    "#     nber[\"trough\"] = pd.to_datetime(nber[\"trough\"])\n",
    "#     return nber\n",
    "\n",
    "def load_data(data_path, file_name):\n",
    "    data_raw = pd.read_csv(os.path.join(data_path, file_name))\n",
    "    data_raw[\"yyyymm\"] = pd.to_datetime(data_raw[\"yyyymm\"], format='%Y%m', errors='coerce')\n",
    "    data_raw[\"Index\"] = data_raw[\"Index\"].str.replace(\",\", \"\")\n",
    "    data_raw.set_index(\"yyyymm\", inplace=True)\n",
    "    data_raw[data_raw.columns] = data_raw[data_raw.columns].astype(float)\n",
    "    data_raw.rename(columns={\"Index\":\"prices\"}, inplace=True)\n",
    "\n",
    "    # Calculate missing columns according to the explaination in m Welch and Goyal (2008)\n",
    "    data_raw[\"dfy\"] = data_raw[\"BAA\"] - data_raw[\"AAA\"]\n",
    "    data_raw[\"tms\"] = data_raw[\"lty\"] - data_raw[\"tbl\"]\n",
    "    data_raw[\"de\"] = np.log(data_raw[\"D12\"]) - np.log(data_raw[\"E12\"])\n",
    "    data_raw[\"dfr\"] = data_raw[\"corpr\"] - data_raw[\"ltr\"]\n",
    "    data_raw[\"lag_prices\"] = data_raw[\"prices\"].shift()\n",
    "    data_raw[\"dp\"] = np.log(data_raw[\"D12\"]) - np.log(data_raw[\"prices\"])\n",
    "    data_raw[\"dy\"] = np.log(data_raw[\"D12\"]) - np.log(data_raw[\"lag_prices\"])\n",
    "    data_raw[\"ep\"] = np.log(data_raw[\"E12\"])  - np.log(data_raw[\"prices\"])\n",
    "\n",
    "    # All the variables should be lagged by at least one period so we are using a predictive regression, and not an explanatory / contemporaneous regression\n",
    "    data_raw = data_raw.shift().copy()\n",
    "\n",
    "    data_raw[\"returns\"] = data_raw[\"CRSP_SPvw\"] # data_raw[\"prices\"].pct_change() # Maybe use CRSP_SPvw - Value weighted return\n",
    "    data_raw[\"returns_lag_1\"] = data_raw[\"returns\"].shift()\n",
    "\n",
    "    data_raw[\"volatility\"] = data_raw[\"returns\"].rolling(12).std()\n",
    "    data_raw[\"volatility_lag_1\"] = data_raw[\"volatility\"].shift()\n",
    "    # returns = data_raw[\"returns\"].copy()\n",
    "\n",
    "    data = data_raw[COLUMNS].dropna()\n",
    "    # returns = returns[returns.index.isin(data.index)]\n",
    "    return data # , returns"
   ]
  },
  {
   "cell_type": "code",
   "execution_count": 8,
   "metadata": {},
   "outputs": [
    {
     "data": {
      "text/html": [
       "<div>\n",
       "<style scoped>\n",
       "    .dataframe tbody tr th:only-of-type {\n",
       "        vertical-align: middle;\n",
       "    }\n",
       "\n",
       "    .dataframe tbody tr th {\n",
       "        vertical-align: top;\n",
       "    }\n",
       "\n",
       "    .dataframe thead th {\n",
       "        text-align: right;\n",
       "    }\n",
       "</style>\n",
       "<table border=\"1\" class=\"dataframe\">\n",
       "  <thead>\n",
       "    <tr style=\"text-align: right;\">\n",
       "      <th></th>\n",
       "      <th>b/m</th>\n",
       "      <th>de</th>\n",
       "      <th>dfr</th>\n",
       "      <th>dfy</th>\n",
       "      <th>dp</th>\n",
       "      <th>dy</th>\n",
       "      <th>ep</th>\n",
       "      <th>infl</th>\n",
       "      <th>ltr</th>\n",
       "      <th>lty</th>\n",
       "      <th>ntis</th>\n",
       "      <th>svar</th>\n",
       "      <th>tbl</th>\n",
       "      <th>tms</th>\n",
       "      <th>returns_lag_1</th>\n",
       "      <th>volatility_lag_1</th>\n",
       "      <th>volatility</th>\n",
       "    </tr>\n",
       "    <tr>\n",
       "      <th>yyyymm</th>\n",
       "      <th></th>\n",
       "      <th></th>\n",
       "      <th></th>\n",
       "      <th></th>\n",
       "      <th></th>\n",
       "      <th></th>\n",
       "      <th></th>\n",
       "      <th></th>\n",
       "      <th></th>\n",
       "      <th></th>\n",
       "      <th></th>\n",
       "      <th></th>\n",
       "      <th></th>\n",
       "      <th></th>\n",
       "      <th></th>\n",
       "      <th></th>\n",
       "      <th></th>\n",
       "    </tr>\n",
       "  </thead>\n",
       "  <tbody>\n",
       "    <tr>\n",
       "      <th>1927-02-01</th>\n",
       "      <td>0.443706</td>\n",
       "      <td>-0.567601</td>\n",
       "      <td>-0.0019</td>\n",
       "      <td>0.0095</td>\n",
       "      <td>-2.942374</td>\n",
       "      <td>-2.963349</td>\n",
       "      <td>-2.374773</td>\n",
       "      <td>-0.011299</td>\n",
       "      <td>0.0075</td>\n",
       "      <td>0.0351</td>\n",
       "      <td>0.050824</td>\n",
       "      <td>0.000470</td>\n",
       "      <td>0.0323</td>\n",
       "      <td>0.0028</td>\n",
       "      <td>0.026047</td>\n",
       "      <td>0.034465</td>\n",
       "      <td>0.034503</td>\n",
       "    </tr>\n",
       "    <tr>\n",
       "      <th>1927-03-01</th>\n",
       "      <td>0.428501</td>\n",
       "      <td>-0.549182</td>\n",
       "      <td>-0.0019</td>\n",
       "      <td>0.0092</td>\n",
       "      <td>-2.979535</td>\n",
       "      <td>-2.932946</td>\n",
       "      <td>-2.430353</td>\n",
       "      <td>-0.005714</td>\n",
       "      <td>0.0088</td>\n",
       "      <td>0.0347</td>\n",
       "      <td>0.051668</td>\n",
       "      <td>0.000287</td>\n",
       "      <td>0.0329</td>\n",
       "      <td>0.0018</td>\n",
       "      <td>-0.002910</td>\n",
       "      <td>0.034503</td>\n",
       "      <td>0.032960</td>\n",
       "    </tr>\n",
       "    <tr>\n",
       "      <th>1927-04-01</th>\n",
       "      <td>0.469765</td>\n",
       "      <td>-0.531456</td>\n",
       "      <td>-0.0170</td>\n",
       "      <td>0.0092</td>\n",
       "      <td>-2.976535</td>\n",
       "      <td>-2.970053</td>\n",
       "      <td>-2.445079</td>\n",
       "      <td>-0.005747</td>\n",
       "      <td>0.0253</td>\n",
       "      <td>0.0331</td>\n",
       "      <td>0.046357</td>\n",
       "      <td>0.000924</td>\n",
       "      <td>0.0320</td>\n",
       "      <td>0.0011</td>\n",
       "      <td>0.045522</td>\n",
       "      <td>0.032960</td>\n",
       "      <td>0.023652</td>\n",
       "    </tr>\n",
       "    <tr>\n",
       "      <th>1927-05-01</th>\n",
       "      <td>0.456754</td>\n",
       "      <td>-0.512916</td>\n",
       "      <td>0.0060</td>\n",
       "      <td>0.0090</td>\n",
       "      <td>-2.984225</td>\n",
       "      <td>-2.967143</td>\n",
       "      <td>-2.471309</td>\n",
       "      <td>0.000000</td>\n",
       "      <td>-0.0005</td>\n",
       "      <td>0.0333</td>\n",
       "      <td>0.050514</td>\n",
       "      <td>0.000603</td>\n",
       "      <td>0.0339</td>\n",
       "      <td>-0.0006</td>\n",
       "      <td>0.007324</td>\n",
       "      <td>0.023652</td>\n",
       "      <td>0.023181</td>\n",
       "    </tr>\n",
       "    <tr>\n",
       "      <th>1927-06-01</th>\n",
       "      <td>0.434783</td>\n",
       "      <td>-0.494518</td>\n",
       "      <td>-0.0120</td>\n",
       "      <td>0.0093</td>\n",
       "      <td>-3.025963</td>\n",
       "      <td>-2.975058</td>\n",
       "      <td>-2.531446</td>\n",
       "      <td>0.005780</td>\n",
       "      <td>0.0109</td>\n",
       "      <td>0.0327</td>\n",
       "      <td>0.055275</td>\n",
       "      <td>0.000392</td>\n",
       "      <td>0.0333</td>\n",
       "      <td>-0.0006</td>\n",
       "      <td>0.013021</td>\n",
       "      <td>0.023181</td>\n",
       "      <td>0.026061</td>\n",
       "    </tr>\n",
       "    <tr>\n",
       "      <th>...</th>\n",
       "      <td>...</td>\n",
       "      <td>...</td>\n",
       "      <td>...</td>\n",
       "      <td>...</td>\n",
       "      <td>...</td>\n",
       "      <td>...</td>\n",
       "      <td>...</td>\n",
       "      <td>...</td>\n",
       "      <td>...</td>\n",
       "      <td>...</td>\n",
       "      <td>...</td>\n",
       "      <td>...</td>\n",
       "      <td>...</td>\n",
       "      <td>...</td>\n",
       "      <td>...</td>\n",
       "      <td>...</td>\n",
       "      <td>...</td>\n",
       "    </tr>\n",
       "    <tr>\n",
       "      <th>2022-08-01</th>\n",
       "      <td>0.218187</td>\n",
       "      <td>-1.083898</td>\n",
       "      <td>0.0054</td>\n",
       "      <td>0.0115</td>\n",
       "      <td>-4.160174</td>\n",
       "      <td>-4.072973</td>\n",
       "      <td>-3.076276</td>\n",
       "      <td>-0.000118</td>\n",
       "      <td>0.0270</td>\n",
       "      <td>0.0290</td>\n",
       "      <td>-0.006121</td>\n",
       "      <td>0.003188</td>\n",
       "      <td>0.0223</td>\n",
       "      <td>0.0067</td>\n",
       "      <td>-0.081683</td>\n",
       "      <td>0.051478</td>\n",
       "      <td>0.058831</td>\n",
       "    </tr>\n",
       "    <tr>\n",
       "      <th>2022-09-01</th>\n",
       "      <td>0.227429</td>\n",
       "      <td>-1.068101</td>\n",
       "      <td>0.0128</td>\n",
       "      <td>0.0108</td>\n",
       "      <td>-4.110113</td>\n",
       "      <td>-4.153480</td>\n",
       "      <td>-3.042012</td>\n",
       "      <td>-0.000354</td>\n",
       "      <td>-0.0421</td>\n",
       "      <td>0.0290</td>\n",
       "      <td>-0.009732</td>\n",
       "      <td>0.003349</td>\n",
       "      <td>0.0263</td>\n",
       "      <td>0.0027</td>\n",
       "      <td>0.093766</td>\n",
       "      <td>0.058831</td>\n",
       "      <td>0.058788</td>\n",
       "    </tr>\n",
       "    <tr>\n",
       "      <th>2022-10-01</th>\n",
       "      <td>0.249478</td>\n",
       "      <td>-1.052264</td>\n",
       "      <td>0.0243</td>\n",
       "      <td>0.0110</td>\n",
       "      <td>-4.005414</td>\n",
       "      <td>-4.103464</td>\n",
       "      <td>-2.953150</td>\n",
       "      <td>0.002151</td>\n",
       "      <td>-0.0769</td>\n",
       "      <td>0.0352</td>\n",
       "      <td>-0.011292</td>\n",
       "      <td>0.004934</td>\n",
       "      <td>0.0313</td>\n",
       "      <td>0.0039</td>\n",
       "      <td>-0.040305</td>\n",
       "      <td>0.058788</td>\n",
       "      <td>0.062775</td>\n",
       "    </tr>\n",
       "    <tr>\n",
       "      <th>2022-11-01</th>\n",
       "      <td>0.218935</td>\n",
       "      <td>-1.018245</td>\n",
       "      <td>0.0036</td>\n",
       "      <td>0.0116</td>\n",
       "      <td>-4.074095</td>\n",
       "      <td>-3.997260</td>\n",
       "      <td>-3.055849</td>\n",
       "      <td>0.004056</td>\n",
       "      <td>-0.0139</td>\n",
       "      <td>0.0398</td>\n",
       "      <td>-0.015252</td>\n",
       "      <td>0.006504</td>\n",
       "      <td>0.0372</td>\n",
       "      <td>0.0026</td>\n",
       "      <td>-0.091495</td>\n",
       "      <td>0.062775</td>\n",
       "      <td>0.063990</td>\n",
       "    </tr>\n",
       "    <tr>\n",
       "      <th>2022-12-01</th>\n",
       "      <td>0.207182</td>\n",
       "      <td>-0.983605</td>\n",
       "      <td>0.0250</td>\n",
       "      <td>0.0117</td>\n",
       "      <td>-4.118363</td>\n",
       "      <td>-4.066005</td>\n",
       "      <td>-3.134758</td>\n",
       "      <td>-0.001010</td>\n",
       "      <td>0.0268</td>\n",
       "      <td>0.0389</td>\n",
       "      <td>-0.017011</td>\n",
       "      <td>0.006343</td>\n",
       "      <td>0.0415</td>\n",
       "      <td>-0.0026</td>\n",
       "      <td>0.080248</td>\n",
       "      <td>0.063990</td>\n",
       "      <td>0.066729</td>\n",
       "    </tr>\n",
       "  </tbody>\n",
       "</table>\n",
       "<p>1151 rows × 17 columns</p>\n",
       "</div>"
      ],
      "text/plain": [
       "                 b/m        de     dfr     dfy        dp        dy        ep  \\\n",
       "yyyymm                                                                         \n",
       "1927-02-01  0.443706 -0.567601 -0.0019  0.0095 -2.942374 -2.963349 -2.374773   \n",
       "1927-03-01  0.428501 -0.549182 -0.0019  0.0092 -2.979535 -2.932946 -2.430353   \n",
       "1927-04-01  0.469765 -0.531456 -0.0170  0.0092 -2.976535 -2.970053 -2.445079   \n",
       "1927-05-01  0.456754 -0.512916  0.0060  0.0090 -2.984225 -2.967143 -2.471309   \n",
       "1927-06-01  0.434783 -0.494518 -0.0120  0.0093 -3.025963 -2.975058 -2.531446   \n",
       "...              ...       ...     ...     ...       ...       ...       ...   \n",
       "2022-08-01  0.218187 -1.083898  0.0054  0.0115 -4.160174 -4.072973 -3.076276   \n",
       "2022-09-01  0.227429 -1.068101  0.0128  0.0108 -4.110113 -4.153480 -3.042012   \n",
       "2022-10-01  0.249478 -1.052264  0.0243  0.0110 -4.005414 -4.103464 -2.953150   \n",
       "2022-11-01  0.218935 -1.018245  0.0036  0.0116 -4.074095 -3.997260 -3.055849   \n",
       "2022-12-01  0.207182 -0.983605  0.0250  0.0117 -4.118363 -4.066005 -3.134758   \n",
       "\n",
       "                infl     ltr     lty      ntis      svar     tbl     tms  \\\n",
       "yyyymm                                                                     \n",
       "1927-02-01 -0.011299  0.0075  0.0351  0.050824  0.000470  0.0323  0.0028   \n",
       "1927-03-01 -0.005714  0.0088  0.0347  0.051668  0.000287  0.0329  0.0018   \n",
       "1927-04-01 -0.005747  0.0253  0.0331  0.046357  0.000924  0.0320  0.0011   \n",
       "1927-05-01  0.000000 -0.0005  0.0333  0.050514  0.000603  0.0339 -0.0006   \n",
       "1927-06-01  0.005780  0.0109  0.0327  0.055275  0.000392  0.0333 -0.0006   \n",
       "...              ...     ...     ...       ...       ...     ...     ...   \n",
       "2022-08-01 -0.000118  0.0270  0.0290 -0.006121  0.003188  0.0223  0.0067   \n",
       "2022-09-01 -0.000354 -0.0421  0.0290 -0.009732  0.003349  0.0263  0.0027   \n",
       "2022-10-01  0.002151 -0.0769  0.0352 -0.011292  0.004934  0.0313  0.0039   \n",
       "2022-11-01  0.004056 -0.0139  0.0398 -0.015252  0.006504  0.0372  0.0026   \n",
       "2022-12-01 -0.001010  0.0268  0.0389 -0.017011  0.006343  0.0415 -0.0026   \n",
       "\n",
       "            returns_lag_1  volatility_lag_1  volatility  \n",
       "yyyymm                                                   \n",
       "1927-02-01       0.026047          0.034465    0.034503  \n",
       "1927-03-01      -0.002910          0.034503    0.032960  \n",
       "1927-04-01       0.045522          0.032960    0.023652  \n",
       "1927-05-01       0.007324          0.023652    0.023181  \n",
       "1927-06-01       0.013021          0.023181    0.026061  \n",
       "...                   ...               ...         ...  \n",
       "2022-08-01      -0.081683          0.051478    0.058831  \n",
       "2022-09-01       0.093766          0.058831    0.058788  \n",
       "2022-10-01      -0.040305          0.058788    0.062775  \n",
       "2022-11-01      -0.091495          0.062775    0.063990  \n",
       "2022-12-01       0.080248          0.063990    0.066729  \n",
       "\n",
       "[1151 rows x 17 columns]"
      ]
     },
     "execution_count": 8,
     "metadata": {},
     "output_type": "execute_result"
    }
   ],
   "source": [
    "# nber_data = load_nber(data_path, 'NBER_Cycle_Dates.csv') # if you want to investigate what the strategy does around recessions and other business cycles\n",
    "data_path = 'data/neural-nets/'\n",
    "data = load_data(data_path, 'Predictor_Data_Monthly_2022.csv')\n",
    "data"
   ]
  },
  {
   "cell_type": "code",
   "execution_count": 9,
   "metadata": {},
   "outputs": [
    {
     "data": {
      "text/html": [
       "<div>\n",
       "<style scoped>\n",
       "    .dataframe tbody tr th:only-of-type {\n",
       "        vertical-align: middle;\n",
       "    }\n",
       "\n",
       "    .dataframe tbody tr th {\n",
       "        vertical-align: top;\n",
       "    }\n",
       "\n",
       "    .dataframe thead th {\n",
       "        text-align: right;\n",
       "    }\n",
       "</style>\n",
       "<table border=\"1\" class=\"dataframe\">\n",
       "  <thead>\n",
       "    <tr style=\"text-align: right;\">\n",
       "      <th></th>\n",
       "      <th>b/m</th>\n",
       "      <th>de</th>\n",
       "      <th>dfr</th>\n",
       "      <th>dfy</th>\n",
       "      <th>dp</th>\n",
       "      <th>dy</th>\n",
       "      <th>ep</th>\n",
       "      <th>infl</th>\n",
       "      <th>ltr</th>\n",
       "      <th>lty</th>\n",
       "      <th>ntis</th>\n",
       "      <th>svar</th>\n",
       "      <th>tbl</th>\n",
       "      <th>tms</th>\n",
       "      <th>returns_lag_1</th>\n",
       "      <th>volatility_lag_1</th>\n",
       "      <th>volatility</th>\n",
       "    </tr>\n",
       "  </thead>\n",
       "  <tbody>\n",
       "    <tr>\n",
       "      <th>b/m</th>\n",
       "      <td>1.000000</td>\n",
       "      <td>0.322088</td>\n",
       "      <td>-0.018084</td>\n",
       "      <td>0.470257</td>\n",
       "      <td>0.856847</td>\n",
       "      <td>0.850954</td>\n",
       "      <td>0.719893</td>\n",
       "      <td>0.079116</td>\n",
       "      <td>0.009898</td>\n",
       "      <td>0.193800</td>\n",
       "      <td>0.033190</td>\n",
       "      <td>0.168229</td>\n",
       "      <td>0.199485</td>\n",
       "      <td>-0.052038</td>\n",
       "      <td>-0.065958</td>\n",
       "      <td>0.344901</td>\n",
       "      <td>0.351066</td>\n",
       "    </tr>\n",
       "    <tr>\n",
       "      <th>de</th>\n",
       "      <td>0.322088</td>\n",
       "      <td>1.000000</td>\n",
       "      <td>0.079265</td>\n",
       "      <td>0.532186</td>\n",
       "      <td>0.504797</td>\n",
       "      <td>0.501986</td>\n",
       "      <td>-0.207536</td>\n",
       "      <td>-0.227198</td>\n",
       "      <td>-0.014050</td>\n",
       "      <td>-0.231959</td>\n",
       "      <td>0.149246</td>\n",
       "      <td>0.354923</td>\n",
       "      <td>-0.298259</td>\n",
       "      <td>0.203421</td>\n",
       "      <td>-0.028323</td>\n",
       "      <td>0.526453</td>\n",
       "      <td>0.533547</td>\n",
       "    </tr>\n",
       "    <tr>\n",
       "      <th>dfr</th>\n",
       "      <td>-0.018084</td>\n",
       "      <td>0.079265</td>\n",
       "      <td>1.000000</td>\n",
       "      <td>0.020098</td>\n",
       "      <td>-0.019921</td>\n",
       "      <td>0.000090</td>\n",
       "      <td>-0.084368</td>\n",
       "      <td>0.028547</td>\n",
       "      <td>-0.464957</td>\n",
       "      <td>-0.014044</td>\n",
       "      <td>0.013962</td>\n",
       "      <td>-0.134102</td>\n",
       "      <td>-0.044065</td>\n",
       "      <td>0.074012</td>\n",
       "      <td>0.105943</td>\n",
       "      <td>0.083004</td>\n",
       "      <td>0.076990</td>\n",
       "    </tr>\n",
       "    <tr>\n",
       "      <th>dfy</th>\n",
       "      <td>0.470257</td>\n",
       "      <td>0.532186</td>\n",
       "      <td>0.020098</td>\n",
       "      <td>1.000000</td>\n",
       "      <td>0.405020</td>\n",
       "      <td>0.400433</td>\n",
       "      <td>0.044092</td>\n",
       "      <td>-0.237287</td>\n",
       "      <td>0.073468</td>\n",
       "      <td>0.066644</td>\n",
       "      <td>-0.179955</td>\n",
       "      <td>0.535240</td>\n",
       "      <td>-0.060598</td>\n",
       "      <td>0.288591</td>\n",
       "      <td>-0.107316</td>\n",
       "      <td>0.715070</td>\n",
       "      <td>0.736681</td>\n",
       "    </tr>\n",
       "    <tr>\n",
       "      <th>dp</th>\n",
       "      <td>0.856847</td>\n",
       "      <td>0.504797</td>\n",
       "      <td>-0.019921</td>\n",
       "      <td>0.405020</td>\n",
       "      <td>1.000000</td>\n",
       "      <td>0.993531</td>\n",
       "      <td>0.739679</td>\n",
       "      <td>-0.030959</td>\n",
       "      <td>0.000715</td>\n",
       "      <td>0.008039</td>\n",
       "      <td>0.238844</td>\n",
       "      <td>0.166924</td>\n",
       "      <td>0.042437</td>\n",
       "      <td>-0.083200</td>\n",
       "      <td>-0.065315</td>\n",
       "      <td>0.295177</td>\n",
       "      <td>0.305002</td>\n",
       "    </tr>\n",
       "    <tr>\n",
       "      <th>dy</th>\n",
       "      <td>0.850954</td>\n",
       "      <td>0.501986</td>\n",
       "      <td>0.000090</td>\n",
       "      <td>0.400433</td>\n",
       "      <td>0.993531</td>\n",
       "      <td>1.000000</td>\n",
       "      <td>0.734540</td>\n",
       "      <td>-0.029045</td>\n",
       "      <td>0.009101</td>\n",
       "      <td>0.007356</td>\n",
       "      <td>0.231797</td>\n",
       "      <td>0.138210</td>\n",
       "      <td>0.041285</td>\n",
       "      <td>-0.081951</td>\n",
       "      <td>-0.056706</td>\n",
       "      <td>0.296264</td>\n",
       "      <td>0.305769</td>\n",
       "    </tr>\n",
       "    <tr>\n",
       "      <th>ep</th>\n",
       "      <td>0.719893</td>\n",
       "      <td>-0.207536</td>\n",
       "      <td>-0.084368</td>\n",
       "      <td>0.044092</td>\n",
       "      <td>0.739679</td>\n",
       "      <td>0.734540</td>\n",
       "      <td>1.000000</td>\n",
       "      <td>0.142035</td>\n",
       "      <td>0.011763</td>\n",
       "      <td>0.189939</td>\n",
       "      <td>0.154311</td>\n",
       "      <td>-0.087530</td>\n",
       "      <td>0.280605</td>\n",
       "      <td>-0.252865</td>\n",
       "      <td>-0.051935</td>\n",
       "      <td>-0.075914</td>\n",
       "      <td>-0.070309</td>\n",
       "    </tr>\n",
       "    <tr>\n",
       "      <th>infl</th>\n",
       "      <td>0.079116</td>\n",
       "      <td>-0.227198</td>\n",
       "      <td>0.028547</td>\n",
       "      <td>-0.237287</td>\n",
       "      <td>-0.030959</td>\n",
       "      <td>-0.029045</td>\n",
       "      <td>0.142035</td>\n",
       "      <td>1.000000</td>\n",
       "      <td>-0.102468</td>\n",
       "      <td>0.215382</td>\n",
       "      <td>-0.055981</td>\n",
       "      <td>-0.205088</td>\n",
       "      <td>0.247152</td>\n",
       "      <td>-0.118209</td>\n",
       "      <td>0.038014</td>\n",
       "      <td>-0.195955</td>\n",
       "      <td>-0.206446</td>\n",
       "    </tr>\n",
       "    <tr>\n",
       "      <th>ltr</th>\n",
       "      <td>0.009898</td>\n",
       "      <td>-0.014050</td>\n",
       "      <td>-0.464957</td>\n",
       "      <td>0.073468</td>\n",
       "      <td>0.000715</td>\n",
       "      <td>0.009101</td>\n",
       "      <td>0.011763</td>\n",
       "      <td>-0.102468</td>\n",
       "      <td>1.000000</td>\n",
       "      <td>0.056491</td>\n",
       "      <td>-0.046603</td>\n",
       "      <td>0.092946</td>\n",
       "      <td>0.054069</td>\n",
       "      <td>-0.005492</td>\n",
       "      <td>-0.079538</td>\n",
       "      <td>0.007641</td>\n",
       "      <td>0.015227</td>\n",
       "    </tr>\n",
       "    <tr>\n",
       "      <th>lty</th>\n",
       "      <td>0.193800</td>\n",
       "      <td>-0.231959</td>\n",
       "      <td>-0.014044</td>\n",
       "      <td>0.066644</td>\n",
       "      <td>0.008039</td>\n",
       "      <td>0.007356</td>\n",
       "      <td>0.189939</td>\n",
       "      <td>0.215382</td>\n",
       "      <td>0.056491</td>\n",
       "      <td>1.000000</td>\n",
       "      <td>-0.062099</td>\n",
       "      <td>-0.105096</td>\n",
       "      <td>0.906857</td>\n",
       "      <td>0.022038</td>\n",
       "      <td>-0.005007</td>\n",
       "      <td>-0.118301</td>\n",
       "      <td>-0.117095</td>\n",
       "    </tr>\n",
       "    <tr>\n",
       "      <th>ntis</th>\n",
       "      <td>0.033190</td>\n",
       "      <td>0.149246</td>\n",
       "      <td>0.013962</td>\n",
       "      <td>-0.179955</td>\n",
       "      <td>0.238844</td>\n",
       "      <td>0.231797</td>\n",
       "      <td>0.154311</td>\n",
       "      <td>-0.055981</td>\n",
       "      <td>-0.046603</td>\n",
       "      <td>-0.062099</td>\n",
       "      <td>1.000000</td>\n",
       "      <td>-0.038847</td>\n",
       "      <td>0.032644</td>\n",
       "      <td>-0.212402</td>\n",
       "      <td>-0.044960</td>\n",
       "      <td>-0.021977</td>\n",
       "      <td>-0.018859</td>\n",
       "    </tr>\n",
       "    <tr>\n",
       "      <th>svar</th>\n",
       "      <td>0.168229</td>\n",
       "      <td>0.354923</td>\n",
       "      <td>-0.134102</td>\n",
       "      <td>0.535240</td>\n",
       "      <td>0.166924</td>\n",
       "      <td>0.138210</td>\n",
       "      <td>-0.087530</td>\n",
       "      <td>-0.205088</td>\n",
       "      <td>0.092946</td>\n",
       "      <td>-0.105096</td>\n",
       "      <td>-0.038847</td>\n",
       "      <td>1.000000</td>\n",
       "      <td>-0.151947</td>\n",
       "      <td>0.132048</td>\n",
       "      <td>-0.214121</td>\n",
       "      <td>0.504109</td>\n",
       "      <td>0.565680</td>\n",
       "    </tr>\n",
       "    <tr>\n",
       "      <th>tbl</th>\n",
       "      <td>0.199485</td>\n",
       "      <td>-0.298259</td>\n",
       "      <td>-0.044065</td>\n",
       "      <td>-0.060598</td>\n",
       "      <td>0.042437</td>\n",
       "      <td>0.041285</td>\n",
       "      <td>0.280605</td>\n",
       "      <td>0.247152</td>\n",
       "      <td>0.054069</td>\n",
       "      <td>0.906857</td>\n",
       "      <td>0.032644</td>\n",
       "      <td>-0.151947</td>\n",
       "      <td>1.000000</td>\n",
       "      <td>-0.401352</td>\n",
       "      <td>-0.015537</td>\n",
       "      <td>-0.200835</td>\n",
       "      <td>-0.194619</td>\n",
       "    </tr>\n",
       "    <tr>\n",
       "      <th>tms</th>\n",
       "      <td>-0.052038</td>\n",
       "      <td>0.203421</td>\n",
       "      <td>0.074012</td>\n",
       "      <td>0.288591</td>\n",
       "      <td>-0.083200</td>\n",
       "      <td>-0.081951</td>\n",
       "      <td>-0.252865</td>\n",
       "      <td>-0.118209</td>\n",
       "      <td>-0.005492</td>\n",
       "      <td>0.022038</td>\n",
       "      <td>-0.212402</td>\n",
       "      <td>0.132048</td>\n",
       "      <td>-0.401352</td>\n",
       "      <td>1.000000</td>\n",
       "      <td>0.025976</td>\n",
       "      <td>0.219325</td>\n",
       "      <td>0.207199</td>\n",
       "    </tr>\n",
       "    <tr>\n",
       "      <th>returns_lag_1</th>\n",
       "      <td>-0.065958</td>\n",
       "      <td>-0.028323</td>\n",
       "      <td>0.105943</td>\n",
       "      <td>-0.107316</td>\n",
       "      <td>-0.065315</td>\n",
       "      <td>-0.056706</td>\n",
       "      <td>-0.051935</td>\n",
       "      <td>0.038014</td>\n",
       "      <td>-0.079538</td>\n",
       "      <td>-0.005007</td>\n",
       "      <td>-0.044960</td>\n",
       "      <td>-0.214121</td>\n",
       "      <td>-0.015537</td>\n",
       "      <td>0.025976</td>\n",
       "      <td>1.000000</td>\n",
       "      <td>0.040890</td>\n",
       "      <td>0.020912</td>\n",
       "    </tr>\n",
       "    <tr>\n",
       "      <th>volatility_lag_1</th>\n",
       "      <td>0.344901</td>\n",
       "      <td>0.526453</td>\n",
       "      <td>0.083004</td>\n",
       "      <td>0.715070</td>\n",
       "      <td>0.295177</td>\n",
       "      <td>0.296264</td>\n",
       "      <td>-0.075914</td>\n",
       "      <td>-0.195955</td>\n",
       "      <td>0.007641</td>\n",
       "      <td>-0.118301</td>\n",
       "      <td>-0.021977</td>\n",
       "      <td>0.504109</td>\n",
       "      <td>-0.200835</td>\n",
       "      <td>0.219325</td>\n",
       "      <td>0.040890</td>\n",
       "      <td>1.000000</td>\n",
       "      <td>0.978363</td>\n",
       "    </tr>\n",
       "    <tr>\n",
       "      <th>volatility</th>\n",
       "      <td>0.351066</td>\n",
       "      <td>0.533547</td>\n",
       "      <td>0.076990</td>\n",
       "      <td>0.736681</td>\n",
       "      <td>0.305002</td>\n",
       "      <td>0.305769</td>\n",
       "      <td>-0.070309</td>\n",
       "      <td>-0.206446</td>\n",
       "      <td>0.015227</td>\n",
       "      <td>-0.117095</td>\n",
       "      <td>-0.018859</td>\n",
       "      <td>0.565680</td>\n",
       "      <td>-0.194619</td>\n",
       "      <td>0.207199</td>\n",
       "      <td>0.020912</td>\n",
       "      <td>0.978363</td>\n",
       "      <td>1.000000</td>\n",
       "    </tr>\n",
       "  </tbody>\n",
       "</table>\n",
       "</div>"
      ],
      "text/plain": [
       "                       b/m        de       dfr       dfy        dp        dy  \\\n",
       "b/m               1.000000  0.322088 -0.018084  0.470257  0.856847  0.850954   \n",
       "de                0.322088  1.000000  0.079265  0.532186  0.504797  0.501986   \n",
       "dfr              -0.018084  0.079265  1.000000  0.020098 -0.019921  0.000090   \n",
       "dfy               0.470257  0.532186  0.020098  1.000000  0.405020  0.400433   \n",
       "dp                0.856847  0.504797 -0.019921  0.405020  1.000000  0.993531   \n",
       "dy                0.850954  0.501986  0.000090  0.400433  0.993531  1.000000   \n",
       "ep                0.719893 -0.207536 -0.084368  0.044092  0.739679  0.734540   \n",
       "infl              0.079116 -0.227198  0.028547 -0.237287 -0.030959 -0.029045   \n",
       "ltr               0.009898 -0.014050 -0.464957  0.073468  0.000715  0.009101   \n",
       "lty               0.193800 -0.231959 -0.014044  0.066644  0.008039  0.007356   \n",
       "ntis              0.033190  0.149246  0.013962 -0.179955  0.238844  0.231797   \n",
       "svar              0.168229  0.354923 -0.134102  0.535240  0.166924  0.138210   \n",
       "tbl               0.199485 -0.298259 -0.044065 -0.060598  0.042437  0.041285   \n",
       "tms              -0.052038  0.203421  0.074012  0.288591 -0.083200 -0.081951   \n",
       "returns_lag_1    -0.065958 -0.028323  0.105943 -0.107316 -0.065315 -0.056706   \n",
       "volatility_lag_1  0.344901  0.526453  0.083004  0.715070  0.295177  0.296264   \n",
       "volatility        0.351066  0.533547  0.076990  0.736681  0.305002  0.305769   \n",
       "\n",
       "                        ep      infl       ltr       lty      ntis      svar  \\\n",
       "b/m               0.719893  0.079116  0.009898  0.193800  0.033190  0.168229   \n",
       "de               -0.207536 -0.227198 -0.014050 -0.231959  0.149246  0.354923   \n",
       "dfr              -0.084368  0.028547 -0.464957 -0.014044  0.013962 -0.134102   \n",
       "dfy               0.044092 -0.237287  0.073468  0.066644 -0.179955  0.535240   \n",
       "dp                0.739679 -0.030959  0.000715  0.008039  0.238844  0.166924   \n",
       "dy                0.734540 -0.029045  0.009101  0.007356  0.231797  0.138210   \n",
       "ep                1.000000  0.142035  0.011763  0.189939  0.154311 -0.087530   \n",
       "infl              0.142035  1.000000 -0.102468  0.215382 -0.055981 -0.205088   \n",
       "ltr               0.011763 -0.102468  1.000000  0.056491 -0.046603  0.092946   \n",
       "lty               0.189939  0.215382  0.056491  1.000000 -0.062099 -0.105096   \n",
       "ntis              0.154311 -0.055981 -0.046603 -0.062099  1.000000 -0.038847   \n",
       "svar             -0.087530 -0.205088  0.092946 -0.105096 -0.038847  1.000000   \n",
       "tbl               0.280605  0.247152  0.054069  0.906857  0.032644 -0.151947   \n",
       "tms              -0.252865 -0.118209 -0.005492  0.022038 -0.212402  0.132048   \n",
       "returns_lag_1    -0.051935  0.038014 -0.079538 -0.005007 -0.044960 -0.214121   \n",
       "volatility_lag_1 -0.075914 -0.195955  0.007641 -0.118301 -0.021977  0.504109   \n",
       "volatility       -0.070309 -0.206446  0.015227 -0.117095 -0.018859  0.565680   \n",
       "\n",
       "                       tbl       tms  returns_lag_1  volatility_lag_1  \\\n",
       "b/m               0.199485 -0.052038      -0.065958          0.344901   \n",
       "de               -0.298259  0.203421      -0.028323          0.526453   \n",
       "dfr              -0.044065  0.074012       0.105943          0.083004   \n",
       "dfy              -0.060598  0.288591      -0.107316          0.715070   \n",
       "dp                0.042437 -0.083200      -0.065315          0.295177   \n",
       "dy                0.041285 -0.081951      -0.056706          0.296264   \n",
       "ep                0.280605 -0.252865      -0.051935         -0.075914   \n",
       "infl              0.247152 -0.118209       0.038014         -0.195955   \n",
       "ltr               0.054069 -0.005492      -0.079538          0.007641   \n",
       "lty               0.906857  0.022038      -0.005007         -0.118301   \n",
       "ntis              0.032644 -0.212402      -0.044960         -0.021977   \n",
       "svar             -0.151947  0.132048      -0.214121          0.504109   \n",
       "tbl               1.000000 -0.401352      -0.015537         -0.200835   \n",
       "tms              -0.401352  1.000000       0.025976          0.219325   \n",
       "returns_lag_1    -0.015537  0.025976       1.000000          0.040890   \n",
       "volatility_lag_1 -0.200835  0.219325       0.040890          1.000000   \n",
       "volatility       -0.194619  0.207199       0.020912          0.978363   \n",
       "\n",
       "                  volatility  \n",
       "b/m                 0.351066  \n",
       "de                  0.533547  \n",
       "dfr                 0.076990  \n",
       "dfy                 0.736681  \n",
       "dp                  0.305002  \n",
       "dy                  0.305769  \n",
       "ep                 -0.070309  \n",
       "infl               -0.206446  \n",
       "ltr                 0.015227  \n",
       "lty                -0.117095  \n",
       "ntis               -0.018859  \n",
       "svar                0.565680  \n",
       "tbl                -0.194619  \n",
       "tms                 0.207199  \n",
       "returns_lag_1       0.020912  \n",
       "volatility_lag_1    0.978363  \n",
       "volatility          1.000000  "
      ]
     },
     "execution_count": 9,
     "metadata": {},
     "output_type": "execute_result"
    }
   ],
   "source": [
    "data.corr()"
   ]
  },
  {
   "cell_type": "code",
   "execution_count": 10,
   "metadata": {},
   "outputs": [
    {
     "data": {
      "text/html": [
       "<div>\n",
       "<style scoped>\n",
       "    .dataframe tbody tr th:only-of-type {\n",
       "        vertical-align: middle;\n",
       "    }\n",
       "\n",
       "    .dataframe tbody tr th {\n",
       "        vertical-align: top;\n",
       "    }\n",
       "\n",
       "    .dataframe thead th {\n",
       "        text-align: right;\n",
       "    }\n",
       "</style>\n",
       "<table border=\"1\" class=\"dataframe\">\n",
       "  <thead>\n",
       "    <tr style=\"text-align: right;\">\n",
       "      <th></th>\n",
       "      <th>volatility</th>\n",
       "    </tr>\n",
       "  </thead>\n",
       "  <tbody>\n",
       "    <tr>\n",
       "      <th>volatility</th>\n",
       "      <td>1.000000</td>\n",
       "    </tr>\n",
       "    <tr>\n",
       "      <th>volatility_lag_1</th>\n",
       "      <td>0.978363</td>\n",
       "    </tr>\n",
       "    <tr>\n",
       "      <th>dfy</th>\n",
       "      <td>0.736681</td>\n",
       "    </tr>\n",
       "    <tr>\n",
       "      <th>svar</th>\n",
       "      <td>0.565680</td>\n",
       "    </tr>\n",
       "    <tr>\n",
       "      <th>de</th>\n",
       "      <td>0.533547</td>\n",
       "    </tr>\n",
       "    <tr>\n",
       "      <th>b/m</th>\n",
       "      <td>0.351066</td>\n",
       "    </tr>\n",
       "    <tr>\n",
       "      <th>dy</th>\n",
       "      <td>0.305769</td>\n",
       "    </tr>\n",
       "    <tr>\n",
       "      <th>dp</th>\n",
       "      <td>0.305002</td>\n",
       "    </tr>\n",
       "    <tr>\n",
       "      <th>tms</th>\n",
       "      <td>0.207199</td>\n",
       "    </tr>\n",
       "    <tr>\n",
       "      <th>infl</th>\n",
       "      <td>0.206446</td>\n",
       "    </tr>\n",
       "    <tr>\n",
       "      <th>tbl</th>\n",
       "      <td>0.194619</td>\n",
       "    </tr>\n",
       "    <tr>\n",
       "      <th>lty</th>\n",
       "      <td>0.117095</td>\n",
       "    </tr>\n",
       "    <tr>\n",
       "      <th>dfr</th>\n",
       "      <td>0.076990</td>\n",
       "    </tr>\n",
       "    <tr>\n",
       "      <th>ep</th>\n",
       "      <td>0.070309</td>\n",
       "    </tr>\n",
       "    <tr>\n",
       "      <th>returns_lag_1</th>\n",
       "      <td>0.020912</td>\n",
       "    </tr>\n",
       "    <tr>\n",
       "      <th>ntis</th>\n",
       "      <td>0.018859</td>\n",
       "    </tr>\n",
       "    <tr>\n",
       "      <th>ltr</th>\n",
       "      <td>0.015227</td>\n",
       "    </tr>\n",
       "  </tbody>\n",
       "</table>\n",
       "</div>"
      ],
      "text/plain": [
       "                  volatility\n",
       "volatility          1.000000\n",
       "volatility_lag_1    0.978363\n",
       "dfy                 0.736681\n",
       "svar                0.565680\n",
       "de                  0.533547\n",
